100
805381260
956084637
805491200
277308105
972149932
292680778
976957463
967412698
429123901
29710457
913865592
480931863
23254734
689213296
154786387
532792499
661638116
841088243
121874631
352211559
678035213
566853110
357168329
970439617
981539864
966723376
271936211
59204255
436610049
791216134
196639944
697784001
38716874
505436784
432650322
217032131
882688298
973736414
230034895
580443623
175369228
751238098
232191020
268881941
840282610
776740829
212307623
303944549
637800147
170200596
785843029
666248526
325294449
411102136
198010965
379136003
117155247
771626337
255774145
846922271
811465383
100814311
674959100
35146710
819451267
179537338
363754359
360382295
304167888
506502369
613038719
36851977
317277300
688242554
253677281
653621332
819356255
497516345
440697877
576400950
645688070
647836194
1024130
441090267
200597883
224905503
677676672
925129305
307159103
511374244
416314332
194927969
646159597
768146129
100715284
742791580
523083682
759697116
322277699
903618506
