613
890 24 675 612 30 442 419 796 475 241 715 410 874 958 506 778 397 235 776 100 411 741 814 891 395 357 76 901 408 41 569 297 64 595 909 93 36 679 888 863 920 602 624 793 911 482 922 308 716 697 759 126 790 925 17 536 281 444 436 41 484 356 337 548 950 597 992 337 276 880 199 547 833 175 339 744 656 260 403 371 309 513 497 450 789 865 985 422 660 772 462 496 127 798 43 428 747 386 764 374 265 315 920 450 841 258 545 496 869 299 866 529 163 714 978 952 930 314 373 942 85 834 437 563 983 479 990 81 864 106 454 481 772 373 282 612 982 178 107 851 828 324 731 990 390 61 293 671 374 17 612 459 202 48 373 537 526 363 617 742 468 71 574 239 443 207 850 777 384 308 627 563 631 709 552 372 769 197 43 143 565 654 953 767 702 325 303 579 687 919 672 506 341 245 96 136 451 297 912 186 956 890 748 939 598 652 310 367 200 352 509 764 358 813 530 59 137 184 989 176 455 661 33 795 905 481 930 708 777 193 245 733 82 345 671 32 348 332 398 547 36 258 662 393 70 544 803 206 727 791 733 181 451 766 328 708 246 257 767 374 802 11 458 883 707 480 914 54 812 663 952 847 920 614 239 989 157 393 547 235 183 279 416 634 396 743 341 993 351 107 367 504 469 824 387 176 656 652 581 467 315 885 665 586 498 255 927 6 647 473 592 829 103 359 462 499 453 154 843 804 612 209 307 81 385 45 608 40 49 540 858 715 424 522 300 273 776 226 630 774 50 222 602 153 580 416 3 33 921 197 188 533 406 846 965 142 243 924 533 291 463 742 5 239 263 656 511 390 234 141 163 635 714 116 139 293 531 141 677 804 690 216 336 95 62 652 588 304 575 472 946 389 213 302 627 827 957 490 568 542 982 82 177 695 549 315 339 432 808 368 235 497 583 570 943 644 573 882 299 147 705 244 887 269 545 514 95 854 355 14 395 336 447 923 382 995 590 720 426 397 439 660 245 22 581 539 17 153 420 316 651 476 911 538 744 456 51 838 309 405 203 55 92 649 978 473 643 567 544 69 315 983 80 559 356 661 449 372 813 220 39 464 695 950 1 438 405 403 627 65 159 829 119 250 829 96 722 471 14 617 891 328 599 971 238 306 631 38 678 795 257 68 610 951 17 962 740 773 364 366 189 522 194 308 123 22 755 196 845 769 813 735 448 763 705 38 69 687 75 98 834 332 517 443 634 886 405 374 658 768 739 199 642 285 506 116 658 612 312 854 732 476 589 180 590 645 569 10 684 643 107 517 326 624 311 312 861 715 685 518 835 775 68 828 411 573 943 421 185 606 274 916 433 214 447 23 211 15 32 246 10 491 114 687 466 424 998 326 491 34 195 325 161 
669
95 256
450 613
491 613
434 613
343 613
523 613
294 613
299 420
440 613
141 210
418 466
46 499
415 613
582 611
3 512
19 135
58 546
110 613
78 613
153 572
347 409
290 317
24 611
169 613
220 548
532 575
377 613
517 613
519 613
228 613
401 613
45 522
141 294
433 613
104 613
45 494
54 407
497 574
329 380
540 613
380 613
18 181
462 613
381 613
426 613
316 549
261 613
98 518
514 613
26 29
522 612
473 613
444 613
39 217
428 613
133 347
484 613
378 613
92 236
126 613
160 600
157 596
188 442
247 354
171 463
111 189
403 613
61 293
346 444
412 572
104 613
395 613
121 299
326 537
343 613
136 613
299 590
348 613
546 613
613 613
294 423
222 304
119 400
335 613
401 553
52 575
104 549
498 613
11 240
456 613
107 613
262 613
269 613
317 538
610 613
365 613
465 613
372 613
275 368
495 556
246 613
585 613
378 613
613 613
125 579
167 398
432 613
43 149
444 613
348 613
82 180
117 613
72 579
577 613
8 465
427 613
390 613
29 202
294 321
601 613
482 613
56 375
602 613
427 613
478 613
278 613
260 613
532 613
309 613
103 418
359 613
589 613
353 357
348 380
52 406
471 613
509 613
260 613
31 103
355 613
254 272
474 613
453 613
270 417
334 613
483 581
307 613
254 299
503 510
99 613
363 613
494 613
521 613
201 613
233 613
466 613
593 613
405 613
145 205
599 613
452 613
576 613
354 589
211 453
264 592
203 215
304 387
310 540
244 613
169 613
451 492
349 613
387 546
269 613
221 494
415 493
149 546
244 613
20 493
151 433
189 542
315 613
437 447
129 195
540 613
562 613
359 613
234 365
477 613
70 153
182 613
182 512
288 613
219 546
285 613
610 613
130 461
391 613
362 613
39 327
224 613
72 613
304 608
140 306
213 421
270 613
100 550
112 518
283 613
121 613
126 263
447 613
469 613
227 463
150 414
545 613
272 275
381 613
328 613
148 613
136 572
342 596
274 613
49 604
209 377
530 613
306 613
16 196
606 613
438 600
527 613
535 613
392 613
186 292
230 562
54 418
156 550
27 476
254 328
412 613
263 610
243 613
117 375
156 285
521 613
292 613
369 601
66 212
555 613
273 443
604 613
556 613
127 613
2 401
63 496
269 593
168 613
300 584
196 613
434 536
475 586
577 613
344 372
417 613
299 394
496 613
442 613
455 613
426 613
355 613
296 325
220 613
560 613
175 317
401 613
265 547
106 353
532 613
276 613
161 613
451 494
270 548
501 613
253 586
607 613
228 536
43 489
199 613
373 613
152 331
367 613
462 613
71 471
348 613
142 613
347 613
571 594
277 613
154 613
199 365
543 613
496 613
280 360
595 613
454 606
238 464
588 613
106 170
507 613
451 505
367 550
54 378
227 576
190 570
266 613
567 613
240 613
188 613
530 613
597 613
341 562
3 337
348 455
400 613
560 613
315 613
460 613
45 118
105 358
454 613
48 454
605 613
263 461
213 391
387 582
588 613
437 613
469 613
105 379
431 481
531 613
384 613
520 613
470 500
88 397
441 575
124 555
442 613
38 78
584 613
236 613
578 613
554 613
270 314
114 201
116 166
240 613
447 612
334 613
197 613
20 63
576 613
475 613
568 613
464 613
343 448
502 613
185 613
166 613
487 613
562 613
349 556
508 613
373 613
505 613
75 613
19 75
94 607
480 528
432 613
606 613
436 613
507 533
324 382
501 613
357 613
206 297
63 182
294 613
387 591
451 613
156 613
538 613
390 613
318 545
141 470
409 613
211 532
9 562
401 613
158 301
365 613
256 613
522 613
290 584
180 306
162 497
3 108
605 613
510 613
27 63
45 499
19 294
163 189
236 613
556 613
114 421
202 590
142 251
364 613
424 613
557 613
285 613
98 373
358 613
11 394
50 125
225 312
351 613
135 613
377 453
406 613
404 613
285 613
124 178
362 613
598 613
539 613
292 335
565 600
37 611
440 546
37 107
194 600
478 613
400 613
425 613
158 372
225 613
147 494
517 613
302 613
240 486
177 613
290 437
587 613
129 561
453 613
503 555
592 613
381 613
16 227
609 613
426 613
42 613
588 613
507 613
466 613
543 591
91 309
196 279
565 613
516 613
510 613
477 613
179 422
313 526
455 613
407 613
568 613
266 613
413 571
225 510
311 464
354 613
373 613
504 613
301 613
155 371
238 255
111 526
281 613
17 158
158 580
428 539
277 356
61 157
238 523
402 613
439 580
396 613
118 404
582 613
119 241
21 376
140 291
159 578
594 613
561 613
24 418
270 589
475 613
416 534
22 245
74 554
386 613
85 587
163 215
328 613
195 542
44 377
519 613
160 613
416 542
64 502
522 613
145 527
90 613
521 613
211 212
591 613
491 573
506 565
155 374
360 613
567 613
90 582
11 280
399 613
396 613
291 613
222 613
113 423
423 443
421 440
22 440
23 534
501 613
571 613
134 450
411 497
127 613
599 613
177 560
603 613
253 532
303 613
122 536
171 613
455 613
584 613
416 613
394 613
520 613
385 444
75 256
166 386
109 260
377 613
535 613
284 477
73 613
54 267
407 613
165 413
242 396
131 194
167 613
387 459
282 439
132 507
359 613
596 613
468 613
159 548
152 593
603 613
434 497
458 613
307 315
496 613
183 215
39 387
557 613
441 613
602 613
8 374
275 613
241 390
390 613
559 613
268 613
172 260
611 613
336 613
64 301
299 544
270 606
594 613
168 588
479 613
399 613
523 602
496 613
229 500
589 613
220 463
109 519
352 477
446 519
450 613
311 446
141 613
492 613
200 246
561 613
202 547
591 613
425 613
301 341
172 467
234 613
539 613
208 484
488 527
370 613
568 613
479 593
74 431
255 547
404 605
378 389
567 613
163 540
234 613
438 613
145 223
202 292
440 613
387 613
468 611
45 466
230 613
556 613
307 503
3 119
418 613
129 499
141 431
136 529
160 613
206 529
58 484
414 613
243 450
218 314
351 612
539 613
212 613
